5883.904983 5883.904983 1.000000
5885.975057 5885.975057 1.000000
5887.221101 5887.221101 1.000000
5887.659117 5887.659117 1.000000
5889.637187 5889.637187 1.000000
5890.081203 5890.081203 1.000000
5891.655259 5891.655259 1.000000
5892.393285 5892.393285 1.000000
5896.833443 5896.833443 1.000000
5898.157490 5898.157490 1.000000
5899.919553 5899.919553 1.000000
5900.039557 5900.039557 1.000000
5901.463608 5901.463608 1.000000
5908.993875 5908.993875 1.000000
5910.765938 5910.765938 1.000000
5912.996018 5912.996018 1.000000
5918.412210 5918.412210 1.000000
5919.052233 5919.052233 1.000000
5919.644254 5919.644254 1.000000
5922.512356 5922.512356 1.000000
5923.646396 5923.646396 1.000000
5923.828403 5923.828403 1.000000
5924.270419 5924.270419 1.000000
5924.998444 5924.998444 1.000000
5928.290562 5928.290562 1.000000
5932.090697 5932.090697 1.000000
5932.782721 5932.782721 1.000000
5941.083016 5941.083016 1.000000
5941.629036 5941.629036 1.000000
5942.421064 5942.421064 1.000000
5942.565069 5942.565069 1.000000
5946.005191 5946.005191 1.000000
5947.059229 5947.059229 1.000000
5949.173304 5949.173304 1.000000
5957.881614 5957.881614 1.000000
5958.629640 5958.629640 1.000000
5967.833968 5967.833968 1.000000
5968.277983 5968.277983 1.000000
5971.346092 5971.346092 1.000000
6276.606946 6276.606946 1.000000
6276.820954 6276.820954 1.000000
6276.944958 6276.944958 1.000000
6277.314971 6277.314971 1.000000
6277.430976 6277.430976 1.000000
6277.640983 6277.640983 1.000000
6277.788988 6277.788988 1.000000
6278.088999 6278.088999 1.000000
6278.379009 6278.379009 1.000000
6278.881027 6278.881027 1.000000
6279.103035 6279.103035 1.000000
6279.899063 6279.899063 1.000000
6280.397081 6280.397081 1.000000
6281.181109 6281.181109 1.000000
6281.959137 6281.959137 1.000000
6282.729164 6282.729164 1.000000
6283.797202 6283.797202 1.000000
6284.539228 6284.539228 1.000000
6287.751343 6287.751343 1.000000
6289.399401 6289.399401 1.000000
6290.223430 6290.223430 1.000000
6292.163499 6292.163499 1.000000
6292.961528 6292.961528 1.000000
6295.181607 6295.181607 1.000000
6295.963635 6295.963635 1.000000
6298.459723 6298.459723 1.000000
6299.231751 6299.231751 1.000000
6302.001849 6302.001849 1.000000
6302.765876 6302.765876 1.000000
6305.811985 6305.811985 1.000000
6306.568012 6306.568012 1.000000
6309.888130 6309.888130 1.000000
6310.638156 6310.638156 1.000000
6314.236284 6314.236284 1.000000
6314.978311 6314.978311 1.000000
6318.854448 6318.854448 1.000000
6319.590475 6319.590475 1.000000
6323.748622 6323.748622 1.000000
6324.476648 6324.476648 1.000000
6472.469910 6472.469910 1.000000
6473.175935 6473.175935 1.000000
6475.054002 6475.054002 1.000000
6475.202008 6475.202008 1.000000
6475.816029 6475.816029 1.000000
6480.060180 6480.060180 1.000000
6483.240293 6483.240293 1.000000
6483.914317 6483.914317 1.000000
6486.778419 6486.778419 1.000000
6490.794562 6490.794562 1.000000
6492.912637 6492.912637 1.000000
6495.870742 6495.870742 1.000000
6508.601195 6508.601195 1.000000
6514.733413 6514.733413 1.000000
6516.551478 6516.551478 1.000000
6516.635481 6516.635481 1.000000
6517.091497 6517.091497 1.000000
6519.459581 6519.459581 1.000000
6523.845737 6523.845737 1.000000
6532.356040 6532.356040 1.000000
6543.908450 6543.908450 1.000000
6547.696585 6547.696585 1.000000
6548.622618 6548.622618 1.000000
6552.626760 6552.626760 1.000000
6557.176922 6557.176922 1.000000
6564.203172 6564.203172 1.000000
6572.075452 6572.075452 1.000000
6574.851551 6574.851551 1.000000
7866.062500 7866.062500 1.000000
7869.949219 7869.949219 1.000000
7872.796387 7872.796387 1.000000
7876.571289 7876.571289 1.000000
7880.698242 7880.698242 1.000000
7887.112305 7887.112305 1.000000
7889.335938 7889.335938 1.000000
7891.895508 7891.895508 1.000000
7893.511230 7893.511230 1.000000
7895.510742 7895.510742 1.000000
7896.038086 7896.038086 1.000000
7900.805176 7900.805176 1.000000
7901.780762 7901.780762 1.000000
7908.754395 7908.754395 1.000000
7909.378418 7909.378418 1.000000
7910.689941 7910.689941 1.000000
7915.632812 7915.632812 1.000000
7917.583984 7917.583984 1.000000
7920.655762 7920.655762 1.000000
7924.350098 7924.350098 1.000000
7928.621094 7928.621094 1.000000
7929.341309 7929.341309 1.000000
7931.772461 7931.772461 1.000000
7947.735840 7947.735840 1.000000
7953.814453 7953.814453 1.000000
7958.484863 7958.484863 1.000000
7960.276367 7960.276367 1.000000
7960.740234 7960.740234 1.000000
7961.620605 7961.620605 1.000000
7962.852051 7962.852051 1.000000
7963.124023 7963.124023 1.000000
7964.355469 7964.355469 1.000000
7968.130371 7968.130371 1.000000
7971.521484 7971.521484 1.000000
7984.333984 7984.333984 1.000000
7986.269531 7986.269531 1.000000
7998.250000 7998.250000 1.000000
7998.490234 7998.490234 1.000000
8000.297852 8000.297852 1.000000
8007.479980 8007.479980 1.000000
8007.735840 8007.735840 1.000000
8012.934082 8012.934082 1.000000
8013.382324 8013.382324 1.000000
8014.037598 8014.037598 1.000000
8020.708496 8020.708496 1.000000
8022.067871 8022.067871 1.000000
8023.171387 8023.171387 1.000000
8027.794434 8027.794434 1.000000
8028.545898 8028.545898 1.000000
8033.600586 8033.600586 1.000000
8034.288574 8034.288574 1.000000
8036.463867 8036.463867 1.000000
8039.599121 8039.599121 1.000000
8043.166016 8043.166016 1.000000
8044.397461 8044.397461 1.000000
8045.533691 8045.533691 1.000000
8063.288574 8063.288574 1.000000
8070.006836 8070.006836 1.000000
8085.106934 8085.106934 1.000000
8085.442383 8085.442383 1.000000
8090.465332 8090.465332 1.000000
8094.272461 8094.272461 1.000000
8096.575195 8096.575195 1.000000
8103.166016 8103.166016 1.000000
8107.836426 8107.836426 1.000000
8109.020020 8109.020020 1.000000
8110.571289 8110.571289 1.000000
8112.411133 8112.411133 1.000000
8113.626953 8113.626953 1.000000
8113.946777 8113.946777 1.000000
8118.121582 8118.121582 1.000000
8118.905273 8118.905273 1.000000
8120.665039 8120.665039 1.000000
8121.256348 8121.256348 1.000000
8121.496582 8121.496582 1.000000
8122.584473 8122.584473 1.000000
8122.824707 8122.824707 1.000000
8123.319824 8123.319824 1.000000
8123.576172 8123.576172 1.000000
8125.063477 8125.063477 1.000000
8125.431641 8125.431641 1.000000
8126.854980 8126.854980 1.000000
8130.022461 8130.022461 1.000000
8130.246094 8130.246094 1.000000
8130.454102 8130.454102 1.000000
8131.206055 8131.206055 1.000000
8133.205566 8133.205566 1.000000
8133.765625 8133.765625 1.000000
8134.517090 8134.517090 1.000000
8135.044922 8135.044922 1.000000
8136.212402 8136.212402 1.000000
8136.516602 8136.516602 1.000000
8137.156738 8137.156738 1.000000
8138.771973 8138.771973 1.000000
8139.715820 8139.715820 1.000000
8140.659668 8140.659668 1.000000
8141.938965 8141.938965 1.000000
8143.570801 8143.570801 1.000000
8143.794434 8143.794434 1.000000
8144.194824 8144.194824 1.000000
8144.514648 8144.514648 1.000000
8146.209961 8146.209961 1.000000
8147.185547 8147.185547 1.000000
8148.081543 8148.081543 1.000000
8148.385254 8148.385254 1.000000
8149.265137 8149.265137 1.000000
8149.697266 8149.697266 1.000000
8149.857422 8149.857422 1.000000
8152.496094 8152.496094 1.000000
8153.711914 8153.711914 1.000000
8154.415527 8154.415527 1.000000
8154.655762 8154.655762 1.000000
8158.014648 8158.014648 1.000000
8161.437988 8161.437988 1.000000
8161.965820 8161.965820 1.000000
8162.349609 8162.349609 1.000000
8162.797363 8162.797363 1.000000
8163.773438 8163.773438 1.000000
8164.173340 8164.173340 1.000000
8164.524902 8164.524902 1.000000
8165.324707 8165.324707 1.000000
8168.812012 8168.812012 1.000000
8169.387695 8169.387695 1.000000
8169.995117 8169.995117 1.000000
8173.002930 8173.002930 1.000000
8174.682129 8174.682129 1.000000
8176.969238 8176.969238 1.000000
8177.929199 8177.929199 1.000000
8178.489258 8178.489258 1.000000
8179.048828 8179.048828 1.000000
8179.913086 8179.913086 1.000000
8181.848633 8181.848633 1.000000
8182.231934 8182.231934 1.000000
8183.080078 8183.080078 1.000000
8186.375000 8186.375000 1.000000
8187.846680 8187.846680 1.000000
8189.270508 8189.270508 1.000000
8193.109375 8193.109375 1.000000
8197.699219 8197.699219 1.000000
8199.011719 8199.011719 1.000000
8199.987305 8199.987305 1.000000
8200.691406 8200.691406 1.000000
8204.801758 8204.801758 1.000000
8209.552734 8209.552734 1.000000
8210.320312 8210.320312 1.000000
8212.127930 8212.127930 1.000000
8214.416016 8214.416016 1.000000
8218.110352 8218.110352 1.000000
8221.549805 8221.549805 1.000000
8223.980469 8223.980469 1.000000
8224.444336 8224.444336 1.000000
8225.676758 8225.676758 1.000000
8226.956055 8226.956055 1.000000
8227.996094 8227.996094 1.000000
8228.284180 8228.284180 1.000000
8228.731445 8228.731445 1.000000
8229.754883 8229.754883 1.000000
8230.474609 8230.474609 1.000000
8231.291016 8231.291016 1.000000
8231.690430 8231.690430 1.000000
8233.897461 8233.897461 1.000000
8234.633789 8234.633789 1.000000
8236.122070 8236.122070 1.000000
8237.336914 8237.336914 1.000000
8239.928711 8239.928711 1.000000
8242.343750 8242.343750 1.000000
8243.143555 8243.143555 1.000000
8243.479492 8243.479492 1.000000
8252.724609 8252.724609 1.000000
8256.515625 8256.515625 1.000000
8257.860352 8257.860352 1.000000
8259.682617 8259.682617 1.000000
8260.354492 8260.354492 1.000000
8263.442383 8263.442383 1.000000
8269.167969 8269.167969 1.000000
8272.032227 8272.032227 1.000000
8273.071289 8273.071289 1.000000
8274.350586 8274.350586 1.000000
8276.669922 8276.669922 1.000000
8278.717773 8278.717773 1.000000
8279.597656 8279.597656 1.000000
8282.012695 8282.012695 1.000000
8287.947266 8287.947266 1.000000
8289.531250 8289.531250 1.000000
8294.153320 8294.153320 1.000000
8294.537109 8294.537109 1.000000
8295.289062 8295.289062 1.000000
8296.025391 8296.025391 1.000000
8300.392578 8300.392578 1.000000
8304.294922 8304.294922 1.000000
8305.078125 8305.078125 1.000000
8311.957031 8311.957031 1.000000
8313.875977 8313.875977 1.000000
8315.939453 8315.939453 1.000000
8316.227539 8316.227539 1.000000
8318.130859 8318.130859 1.000000
8321.234375 8321.234375 1.000000
8321.570312 8321.570312 1.000000
8326.305664 8326.305664 1.000000
8328.464844 8328.464844 1.000000
8329.264648 8329.264648 1.000000
8329.680664 8329.680664 1.000000
8332.143555 8332.143555 1.000000
8332.703125 8332.703125 1.000000
8333.582031 8333.582031 1.000000
8334.430664 8334.430664 1.000000
8335.501953 8335.501953 1.000000
8336.062500 8336.062500 1.000000
8338.685547 8338.685547 1.000000
8339.037109 8339.037109 1.000000
8342.300781 8342.300781 1.000000
8349.162109 8349.162109 1.000000
8349.386719 8349.386719 1.000000
8353.641602 8353.641602 1.000000
8354.713867 8354.713867 1.000000
8357.032227 8357.032227 1.000000
8357.432617 8357.432617 1.000000
8359.543945 8359.543945 1.000000
8361.991211 8361.991211 1.000000
8362.294922 8362.294922 1.000000
8367.333984 8367.333984 1.000000
8373.715820 8373.715820 1.000000
8376.372070 8376.372070 1.000000
8377.154297 8377.154297 1.000000
8384.176758 8384.176758 1.000000
8385.488281 8385.488281 1.000000
8394.014648 8394.014648 1.000000
8397.149414 8397.149414 1.000000
8405.386719 8405.386719 1.000000
8408.761719 8408.761719 1.000000
8409.593750 8409.593750 1.000000
8415.416992 8415.416992 1.000000
8418.408203 8418.408203 1.000000
8430.803711 8430.803711 1.000000
8436.386719 8436.386719 1.000000
8460.251953 8460.251953 1.000000
8511.902344 8511.902344 1.000000
8512.302734 8512.302734 1.000000
8519.644531 8519.644531 1.000000
8540.806641 8540.806641 1.000000
8857.664062 8857.664062 1.000000
8858.799805 8858.799805 1.000000
8866.269531 8866.269531 1.000000
8879.322266 8879.322266 1.000000
8896.613281 8896.613281 1.000000
8900.627930 8900.627930 1.000000
8917.502930 8917.502930 1.000000
8926.876953 8926.876953 1.000000
8929.052734 8929.052734 1.000000
8929.468750 8929.468750 1.000000
8930.268555 8930.268555 1.000000
8934.075195 8934.075195 1.000000
8935.882812 8935.882812 1.000000
8940.201172 8940.201172 1.000000
8940.584961 8940.584961 1.000000
8942.329102 8942.329102 1.000000
8944.200195 8944.200195 1.000000
8946.327148 8946.327148 1.000000
8946.871094 8946.871094 1.000000
8948.599609 8948.599609 1.000000
8948.887695 8948.887695 1.000000
8950.742188 8950.742188 1.000000
8951.750000 8951.750000 1.000000
8952.166016 8952.166016 1.000000
8954.309570 8954.309570 1.000000
8954.949219 8954.949219 1.000000
8957.684570 8957.684570 1.000000
8958.404297 8958.404297 1.000000
8961.651367 8961.651367 1.000000
8962.323242 8962.323242 1.000000
8962.579102 8962.579102 1.000000
8963.491211 8963.491211 1.000000
8965.458984 8965.458984 1.000000
8966.402344 8966.402344 1.000000
8969.025391 8969.025391 1.000000
8971.073242 8971.073242 1.000000
8971.616211 8971.616211 1.000000
8972.896484 8972.896484 1.000000
8974.256836 8974.256836 1.000000
8974.767578 8974.767578 1.000000
8976.416016 8976.416016 1.000000
8980.494141 8980.494141 1.000000
8981.406250 8981.406250 1.000000
8986.588867 8986.588867 1.000000
8987.612305 8987.612305 1.000000
8988.140625 8988.140625 1.000000
8989.067383 8989.067383 1.000000
8989.515625 8989.515625 1.000000
8990.395508 8990.395508 1.000000
8990.828125 8990.828125 1.000000
8991.691406 8991.691406 1.000000
8991.996094 8991.996094 1.000000
8993.035156 8993.035156 1.000000
8998.889648 8998.889648 1.000000
9000.281250 9000.281250 1.000000
9000.728516 9000.728516 1.000000
9003.607422 9003.607422 1.000000
9003.895508 9003.895508 1.000000
9005.735352 9005.735352 1.000000
9006.807617 9006.807617 1.000000
9007.110352 9007.110352 1.000000
9007.542969 9007.542969 1.000000
9007.846680 9007.846680 1.000000
9009.046875 9009.046875 1.000000
9011.877930 9011.877930 1.000000
9013.509766 9013.509766 1.000000
9016.772461 9016.772461 1.000000
9018.083984 9018.083984 1.000000
9022.642578 9022.642578 1.000000
9025.297852 9025.297852 1.000000
9025.906250 9025.906250 1.000000
9029.392578 9029.392578 1.000000
9030.336914 9030.336914 1.000000
9031.392578 9031.392578 1.000000
9032.192383 9032.192383 1.000000
9034.912109 9034.912109 1.000000
9040.078125 9040.078125 1.000000
9041.118164 9041.118164 1.000000
9042.253906 9042.253906 1.000000
9042.813477 9042.813477 1.000000
9047.404297 9047.404297 1.000000
9048.540039 9048.540039 1.000000
9051.083008 9051.083008 1.000000
9052.970703 9052.970703 1.000000
9060.424805 9060.424805 1.000000
9061.864258 9061.864258 1.000000
9062.711914 9062.711914 1.000000
9064.040039 9064.040039 1.000000
9065.462891 9065.462891 1.000000
9067.623047 9067.623047 1.000000
9069.125977 9069.125977 1.000000
9071.941406 9071.941406 1.000000
9073.125000 9073.125000 1.000000
9074.292969 9074.292969 1.000000
9079.011719 9079.011719 1.000000
9079.395508 9079.395508 1.000000
9079.843750 9079.843750 1.000000
9080.563477 9080.563477 1.000000
9081.298828 9081.298828 1.000000
9085.442383 9085.442383 1.000000
9086.593750 9086.593750 1.000000
9087.025391 9087.025391 1.000000
9089.824219 9089.824219 1.000000
9090.335938 9090.335938 1.000000
9092.480469 9092.480469 1.000000
9093.775391 9093.775391 1.000000
9095.023438 9095.023438 1.000000
9095.327148 9095.327148 1.000000
9098.461914 9098.461914 1.000000
9099.758789 9099.758789 1.000000
9100.509766 9100.509766 1.000000
9101.517578 9101.517578 1.000000
9105.404297 9105.404297 1.000000
9106.220703 9106.220703 1.000000
9106.860352 9106.860352 1.000000
9107.116211 9107.116211 1.000000
9107.403320 9107.403320 1.000000
9108.011719 9108.011719 1.000000
9108.331055 9108.331055 1.000000
9110.475586 9110.475586 1.000000
9112.938477 9112.938477 1.000000
9115.641602 9115.641602 1.000000
9116.873047 9116.873047 1.000000
9117.369141 9117.369141 1.000000
9118.008789 9118.008789 1.000000
9118.920898 9118.920898 1.000000
9120.744141 9120.744141 1.000000
9123.943359 9123.943359 1.000000
9124.295898 9124.295898 1.000000
9124.807617 9124.807617 1.000000
9126.614258 9126.614258 1.000000
9127.110352 9127.110352 1.000000
9127.814453 9127.814453 1.000000
9128.375000 9128.375000 1.000000
9128.614258 9128.614258 1.000000
9129.221680 9129.221680 1.000000
9129.845703 9129.845703 1.000000
9130.582031 9130.582031 1.000000
9131.285156 9131.285156 1.000000
9132.436523 9132.436523 1.000000
9134.276367 9134.276367 1.000000
9134.789062 9134.789062 1.000000
9135.172852 9135.172852 1.000000
9135.476562 9135.476562 1.000000
9136.003906 9136.003906 1.000000
9136.563477 9136.563477 1.000000
9137.075195 9137.075195 1.000000
9139.778320 9139.778320 1.000000
9140.450195 9140.450195 1.000000
9141.106445 9141.106445 1.000000
9142.674805 9142.674805 1.000000
9143.297852 9143.297852 1.000000
9143.521484 9143.521484 1.000000
9144.113281 9144.113281 1.000000
9144.545898 9144.545898 1.000000
9145.666016 9145.666016 1.000000
9146.162109 9146.162109 1.000000
9146.800781 9146.800781 1.000000
9148.000977 9148.000977 1.000000
9148.640625 9148.640625 1.000000
9150.016602 9150.016602 1.000000
9150.799805 9150.799805 1.000000
9151.695312 9151.695312 1.000000
9152.047852 9152.047852 1.000000
9152.559570 9152.559570 1.000000
9153.167969 9153.167969 1.000000
9154.031250 9154.031250 1.000000
9154.222656 9154.222656 1.000000
9155.407227 9155.407227 1.000000
9155.694336 9155.694336 1.000000
9156.814453 9156.814453 1.000000
9160.093750 9160.093750 1.000000
9160.893555 9160.893555 1.000000
9162.268555 9162.268555 1.000000
9162.588867 9162.588867 1.000000
9163.836914 9163.836914 1.000000
9164.188477 9164.188477 1.000000
9164.651367 9164.651367 1.000000
9167.291992 9167.291992 1.000000
9167.916016 9167.916016 1.000000
9168.762695 9168.762695 1.000000
9169.338867 9169.338867 1.000000
9170.682617 9170.682617 1.000000
9171.098633 9171.098633 1.000000
9171.546875 9171.546875 1.000000
9171.753906 9171.753906 1.000000
9172.458008 9172.458008 1.000000
9172.889648 9172.889648 1.000000
9174.122070 9174.122070 1.000000
9174.857422 9174.857422 1.000000
9175.242188 9175.242188 1.000000
9176.025391 9176.025391 1.000000
9176.520508 9176.520508 1.000000
9176.888672 9176.888672 1.000000
9178.520508 9178.520508 1.000000
9179.303711 9179.303711 1.000000
9181.208008 9181.208008 1.000000
9182.055664 9182.055664 1.000000
9183.542969 9183.542969 1.000000
9184.390625 9184.390625 1.000000
9184.983398 9184.983398 1.000000
9186.469727 9186.469727 1.000000
9187.253906 9187.253906 1.000000
9190.212891 9190.212891 1.000000
9191.588867 9191.588867 1.000000
9192.565430 9192.565430 1.000000
9195.347656 9195.347656 1.000000
9196.003906 9196.003906 1.000000
9199.090820 9199.090820 1.000000
9204.432617 9204.432617 1.000000
9205.584961 9205.584961 1.000000
9206.833008 9206.833008 1.000000
9207.872070 9207.872070 1.000000
9208.591797 9208.591797 1.000000
9212.815430 9212.815430 1.000000
9214.655273 9214.655273 1.000000
9215.614258 9215.614258 1.000000
9217.022461 9217.022461 1.000000
9217.246094 9217.246094 1.000000
9217.374023 9217.374023 1.000000
9222.012695 9222.012695 1.000000
9225.003906 9225.003906 1.000000
9228.651367 9228.651367 1.000000
9229.594727 9229.594727 1.000000
9230.505859 9230.505859 1.000000
9231.034180 9231.034180 1.000000
9231.402344 9231.402344 1.000000
9232.745117 9232.745117 1.000000
9234.777344 9234.777344 1.000000
9235.225586 9235.225586 1.000000
9235.752930 9235.752930 1.000000
9237.255859 9237.255859 1.000000
9238.087891 9238.087891 1.000000
9238.919922 9238.919922 1.000000
9239.895508 9239.895508 1.000000
9240.375000 9240.375000 1.000000
9242.231445 9242.231445 1.000000
9242.903320 9242.903320 1.000000
9243.239258 9243.239258 1.000000
9244.454102 9244.454102 1.000000
9244.854492 9244.854492 1.000000
9245.158203 9245.158203 1.000000
9246.293945 9246.293945 1.000000
9249.493164 9249.493164 1.000000
9251.092773 9251.092773 1.000000
9252.404297 9252.404297 1.000000
9253.156250 9253.156250 1.000000
9253.796875 9253.796875 1.000000
9254.339844 9254.339844 1.000000
9255.155273 9255.155273 1.000000
9256.803711 9256.803711 1.000000
9257.091797 9257.091797 1.000000
9259.074219 9259.074219 1.000000
9259.474609 9259.474609 1.000000
9260.354492 9260.354492 1.000000
9260.978516 9260.978516 1.000000
9261.569336 9261.569336 1.000000
9262.257812 9262.257812 1.000000
9263.121094 9263.121094 1.000000
9266.208984 9266.208984 1.000000
9269.007812 9269.007812 1.000000
9269.279297 9269.279297 1.000000
9270.047852 9270.047852 1.000000
9270.751953 9270.751953 1.000000
9272.238281 9272.238281 1.000000
9272.990234 9272.990234 1.000000
9274.238281 9274.238281 1.000000
9275.070312 9275.070312 1.000000
9275.693359 9275.693359 1.000000
9276.237305 9276.237305 1.000000
9276.829102 9276.829102 1.000000
9277.469727 9277.469727 1.000000
9277.629883 9277.629883 1.000000
9278.813477 9278.813477 1.000000
9279.724609 9279.724609 1.000000
9280.140625 9280.140625 1.000000
9280.684570 9280.684570 1.000000
9280.924805 9280.924805 1.000000
9281.772461 9281.772461 1.000000
9282.044922 9282.044922 1.000000
9282.220703 9282.220703 1.000000
9282.684570 9282.684570 1.000000
9284.011719 9284.011719 1.000000
9284.267578 9284.267578 1.000000
9284.923828 9284.923828 1.000000
9285.275391 9285.275391 1.000000
9285.595703 9285.595703 1.000000
9285.963867 9285.963867 1.000000
9286.442383 9286.442383 1.000000
9286.810547 9286.810547 1.000000
9287.626953 9287.626953 1.000000
9288.010742 9288.010742 1.000000
9288.378906 9288.378906 1.000000
9288.570312 9288.570312 1.000000
9288.922852 9288.922852 1.000000
9289.499023 9289.499023 1.000000
9289.850586 9289.850586 1.000000
9290.874023 9290.874023 1.000000
9291.321289 9291.321289 1.000000
9292.681641 9292.681641 1.000000
9293.129883 9293.129883 1.000000
9293.512695 9293.512695 1.000000
9294.041016 9294.041016 1.000000
9294.440430 9294.440430 1.000000
9294.665039 9294.665039 1.000000
9295.016602 9295.016602 1.000000
9295.240234 9295.240234 1.000000
9295.705078 9295.705078 1.000000
9296.424805 9296.424805 1.000000
9297.160156 9297.160156 1.000000
9297.687500 9297.687500 1.000000
9297.959961 9297.959961 1.000000
9298.231445 9298.231445 1.000000
9298.615234 9298.615234 1.000000
9300.359375 9300.359375 1.000000
9300.615234 9300.615234 1.000000
9301.046875 9301.046875 1.000000
9301.894531 9301.894531 1.000000
9302.663086 9302.663086 1.000000
9303.318359 9303.318359 1.000000
9303.846680 9303.846680 1.000000
9304.582031 9304.582031 1.000000
9305.381836 9305.381836 1.000000
9306.246094 9306.246094 1.000000
9306.677734 9306.677734 1.000000
9307.221680 9307.221680 1.000000
9307.972656 9307.972656 1.000000
9308.132812 9308.132812 1.000000
9308.869141 9308.869141 1.000000
9309.493164 9309.493164 1.000000
9310.916992 9310.916992 1.000000
9311.731445 9311.731445 1.000000
9312.467773 9312.467773 1.000000
9312.660156 9312.660156 1.000000
9314.003906 9314.003906 1.000000
9315.155273 9315.155273 1.000000
9315.907227 9315.907227 1.000000
9316.226562 9316.226562 1.000000
9316.818359 9316.818359 1.000000
9317.858398 9317.858398 1.000000
9319.057617 9319.057617 1.000000
9320.162109 9320.162109 1.000000
9320.738281 9320.738281 1.000000
9321.649414 9321.649414 1.000000
9322.497070 9322.497070 1.000000
9323.136719 9323.136719 1.000000
9324.193359 9324.193359 1.000000
9324.896484 9324.896484 1.000000
9325.312500 9325.312500 1.000000
9325.537109 9325.537109 1.000000
9326.639648 9326.639648 1.000000
9327.759766 9327.759766 1.000000
9328.368164 9328.368164 1.000000
9328.687500 9328.687500 1.000000
9329.886719 9329.886719 1.000000
9330.447266 9330.447266 1.000000
9330.974609 9330.974609 1.000000
9331.470703 9331.470703 1.000000
9333.566406 9333.566406 1.000000
9334.541992 9334.541992 1.000000
9335.326172 9335.326172 1.000000
9335.614258 9335.614258 1.000000
9336.078125 9336.078125 1.000000
9336.508789 9336.508789 1.000000
9337.165039 9337.165039 1.000000
9337.789062 9337.789062 1.000000
9338.428711 9338.428711 1.000000
9339.373047 9339.373047 1.000000
9340.780273 9340.780273 1.000000
9341.211914 9341.211914 1.000000
9342.603516 9342.603516 1.000000
9343.564453 9343.564453 1.000000
9344.155273 9344.155273 1.000000
9345.499023 9345.499023 1.000000
9346.394531 9346.394531 1.000000
9346.779297 9346.779297 1.000000
9346.955078 9346.955078 1.000000
9347.593750 9347.593750 1.000000
9348.377930 9348.377930 1.000000
9348.809570 9348.809570 1.000000
9349.066406 9349.066406 1.000000
9349.290039 9349.290039 1.000000
9349.530273 9349.530273 1.000000
9349.994141 9349.994141 1.000000
9350.442383 9350.442383 1.000000
9351.096680 9351.096680 1.000000
9351.401367 9351.401367 1.000000
9351.928711 9351.928711 1.000000
9353.033203 9353.033203 1.000000
9353.512695 9353.512695 1.000000
9354.281250 9354.281250 1.000000
9355.192383 9355.192383 1.000000
9356.503906 9356.503906 1.000000
9357.560547 9357.560547 1.000000
9357.719727 9357.719727 1.000000
9358.279297 9358.279297 1.000000
9358.663086 9358.663086 1.000000
9360.086914 9360.086914 1.000000
9360.327148 9360.327148 1.000000
9360.583008 9360.583008 1.000000
9361.222656 9361.222656 1.000000
9361.845703 9361.845703 1.000000
9362.198242 9362.198242 1.000000
9362.518555 9362.518555 1.000000
9362.982422 9362.982422 1.000000
9363.333984 9363.333984 1.000000
9364.053711 9364.053711 1.000000
9364.885742 9364.885742 1.000000
9366.405273 9366.405273 1.000000
9367.317383 9367.317383 1.000000
9369.396484 9369.396484 1.000000
9369.956055 9369.956055 1.000000
9370.308594 9370.308594 1.000000
9371.476562 9371.476562 1.000000
9372.787109 9372.787109 1.000000
9373.139648 9373.139648 1.000000
9374.275391 9374.275391 1.000000
9375.235352 9375.235352 1.000000
9375.683594 9375.683594 1.000000
9376.322266 9376.322266 1.000000
9376.994141 9376.994141 1.000000
9377.666016 9377.666016 1.000000
9379.681641 9379.681641 1.000000
9381.137695 9381.137695 1.000000
9382.145508 9382.145508 1.000000
9383.568359 9383.568359 1.000000
9384.032227 9384.032227 1.000000
9384.304688 9384.304688 1.000000
9384.608398 9384.608398 1.000000
9385.232422 9385.232422 1.000000
9385.824219 9385.824219 1.000000
9386.655273 9386.655273 1.000000
9386.991211 9386.991211 1.000000
9387.791016 9387.791016 1.000000
9389.071289 9389.071289 1.000000
9390.766602 9390.766602 1.000000
9391.758789 9391.758789 1.000000
9394.237305 9394.237305 1.000000
9394.477539 9394.477539 1.000000
9395.149414 9395.149414 1.000000
9396.252930 9396.252930 1.000000
9396.637695 9396.637695 1.000000
9399.003906 9399.003906 1.000000
9400.092773 9400.092773 1.000000
9401.611328 9401.611328 1.000000
9402.603516 9402.603516 1.000000
9403.259766 9403.259766 1.000000
9403.739258 9403.739258 1.000000
9404.475586 9404.475586 1.000000
9404.890625 9404.890625 1.000000
9405.338867 9405.338867 1.000000
9405.994141 9405.994141 1.000000
9406.282227 9406.282227 1.000000
9406.890625 9406.890625 1.000000
9408.058594 9408.058594 1.000000
9409.033203 9409.033203 1.000000
9410.425781 9410.425781 1.000000
9411.321289 9411.321289 1.000000
9411.832031 9411.832031 1.000000
9412.664062 9412.664062 1.000000
9413.464844 9413.464844 1.000000
9414.024414 9414.024414 1.000000
9414.760742 9414.760742 1.000000
9415.080078 9415.080078 1.000000
9416.007812 9416.007812 1.000000
9416.759766 9416.759766 1.000000
9417.671875 9417.671875 1.000000
9419.238281 9419.238281 1.000000
9419.638672 9419.638672 1.000000
9420.054688 9420.054688 1.000000
9420.742188 9420.742188 1.000000
9421.830078 9421.830078 1.000000
9423.285156 9423.285156 1.000000
9423.493164 9423.493164 1.000000
9423.813477 9423.813477 1.000000
9424.757812 9424.757812 1.000000
9425.013672 9425.013672 1.000000
9426.868164 9426.868164 1.000000
9428.228516 9428.228516 1.000000
9430.611328 9430.611328 1.000000
9431.540039 9431.540039 1.000000
9431.859375 9431.859375 1.000000
9432.099609 9432.099609 1.000000
9432.547852 9432.547852 1.000000
9433.075195 9433.075195 1.000000
9433.331055 9433.331055 1.000000
9433.698242 9433.698242 1.000000
9434.002930 9434.002930 1.000000
9434.642578 9434.642578 1.000000
9434.930664 9434.930664 1.000000
9435.186523 9435.186523 1.000000
9435.922852 9435.922852 1.000000
9436.849609 9436.849609 1.000000
9437.729492 9437.729492 1.000000
9438.049805 9438.049805 1.000000
9439.297852 9439.297852 1.000000
9440.705078 9440.705078 1.000000
9441.041016 9441.041016 1.000000
9442.416992 9442.416992 1.000000
9443.312500 9443.312500 1.000000
9444.399414 9444.399414 1.000000
9446.000000 9446.000000 1.000000
9448.079102 9448.079102 1.000000
9448.398438 9448.398438 1.000000
9449.166992 9449.166992 1.000000
9449.774414 9449.774414 1.000000
9450.318359 9450.318359 1.000000
9451.485352 9451.485352 1.000000
9451.917969 9451.917969 1.000000
9452.622070 9452.622070 1.000000
9453.133789 9453.133789 1.000000
9454.078125 9454.078125 1.000000
9454.668945 9454.668945 1.000000
9456.172852 9456.172852 1.000000
9456.972656 9456.972656 1.000000
9457.836914 9457.836914 1.000000
9458.683594 9458.683594 1.000000
9459.996094 9459.996094 1.000000
9460.828125 9460.828125 1.000000
9461.324219 9461.324219 1.000000
9462.827148 9462.827148 1.000000
9463.995117 9463.995117 1.000000
9464.827148 9464.827148 1.000000
9465.465820 9465.465820 1.000000
9465.994141 9465.994141 1.000000
9467.065430 9467.065430 1.000000
9467.786133 9467.786133 1.000000
9468.649414 9468.649414 1.000000
9469.400391 9469.400391 1.000000
9470.457031 9470.457031 1.000000
9471.529297 9471.529297 1.000000
9472.409180 9472.409180 1.000000
9472.983398 9472.983398 1.000000
9473.255859 9473.255859 1.000000
9474.120117 9474.120117 1.000000
9474.503906 9474.503906 1.000000
9475.000000 9475.000000 1.000000
9475.303711 9475.303711 1.000000
9475.944336 9475.944336 1.000000
9476.743164 9476.743164 1.000000
9478.390625 9478.390625 1.000000
9478.886719 9478.886719 1.000000
9480.278320 9480.278320 1.000000
9481.654297 9481.654297 1.000000
9482.437500 9482.437500 1.000000
9483.972656 9483.972656 1.000000
9485.029297 9485.029297 1.000000
9485.445312 9485.445312 1.000000
9486.037109 9486.037109 1.000000
9486.821289 9486.821289 1.000000
9487.347656 9487.347656 1.000000
9489.843750 9489.843750 1.000000
9490.978516 9490.978516 1.000000
9491.523438 9491.523438 1.000000
9492.962891 9492.962891 1.000000
9493.443359 9493.443359 1.000000
9494.305664 9494.305664 1.000000
9495.410156 9495.410156 1.000000
9496.177734 9496.177734 1.000000
9496.561523 9496.561523 1.000000
9497.425781 9497.425781 1.000000
9498.800781 9498.800781 1.000000
9499.313477 9499.313477 1.000000
9499.697266 9499.697266 1.000000
9500.913086 9500.913086 1.000000
9501.679688 9501.679688 1.000000
9502.704102 9502.704102 1.000000
9503.248047 9503.248047 1.000000
9503.696289 9503.696289 1.000000
9504.431641 9504.431641 1.000000
9505.630859 9505.630859 1.000000
9506.031250 9506.031250 1.000000
9506.687500 9506.687500 1.000000
9507.487305 9507.487305 1.000000
9507.743164 9507.743164 1.000000
9507.983398 9507.983398 1.000000
9508.319336 9508.319336 1.000000
9508.765625 9508.765625 1.000000
9509.293945 9509.293945 1.000000
9510.221680 9510.221680 1.000000
9510.750000 9510.750000 1.000000
9511.230469 9511.230469 1.000000
9512.621094 9512.621094 1.000000
9513.756836 9513.756836 1.000000
9514.477539 9514.477539 1.000000
9515.692383 9515.692383 1.000000
9516.251953 9516.251953 1.000000
9516.956055 9516.956055 1.000000
9517.387695 9517.387695 1.000000
9517.996094 9517.996094 1.000000
9519.323242 9519.323242 1.000000
9520.027344 9520.027344 1.000000
9520.539062 9520.539062 1.000000
9520.891602 9520.891602 1.000000
9522.235352 9522.235352 1.000000
9523.562500 9523.562500 1.000000
9525.098633 9525.098633 1.000000
9525.961914 9525.961914 1.000000
9526.873047 9526.873047 1.000000
9527.513672 9527.513672 1.000000
9528.457031 9528.457031 1.000000
9528.889648 9528.889648 1.000000
9529.433594 9529.433594 1.000000
9531.224609 9531.224609 1.000000
9531.720703 9531.720703 1.000000
9533.400391 9533.400391 1.000000
9534.247070 9534.247070 1.000000
9534.807617 9534.807617 1.000000
9535.223633 9535.223633 1.000000
9535.943359 9535.943359 1.000000
9537.125977 9537.125977 1.000000
9538.326172 9538.326172 1.000000
9539.894531 9539.894531 1.000000
9540.885742 9540.885742 1.000000
9541.621094 9541.621094 1.000000
9542.149414 9542.149414 1.000000
9542.405273 9542.405273 1.000000
9543.221680 9543.221680 1.000000
9543.941406 9543.941406 1.000000
9544.276367 9544.276367 1.000000
9545.844727 9545.844727 1.000000
9546.564453 9546.564453 1.000000
9547.076172 9547.076172 1.000000
9547.396484 9547.396484 1.000000
9548.739258 9548.739258 1.000000
9549.955078 9549.955078 1.000000
9550.338867 9550.338867 1.000000
9550.962891 9550.962891 1.000000
9552.018555 9552.018555 1.000000
9552.482422 9552.482422 1.000000
9552.674805 9552.674805 1.000000
9553.410156 9553.410156 1.000000
9553.970703 9553.970703 1.000000
9554.450195 9554.450195 1.000000
9555.489258 9555.489258 1.000000
9556.049805 9556.049805 1.000000
9556.960938 9556.960938 1.000000
9557.297852 9557.297852 1.000000
9558.401367 9558.401367 1.000000
9558.832031 9558.832031 1.000000
9559.648438 9559.648438 1.000000
9560.976562 9560.976562 1.000000
9562.463867 9562.463867 1.000000
9562.735352 9562.735352 1.000000
9563.871094 9563.871094 1.000000
9565.039062 9565.039062 1.000000
9566.622070 9566.622070 1.000000
9567.838867 9567.838867 1.000000
9568.782227 9568.782227 1.000000
9568.974609 9568.974609 1.000000
9570.317383 9570.317383 1.000000
9570.925781 9570.925781 1.000000
9571.325195 9571.325195 1.000000
9572.509766 9572.509766 1.000000
9572.797852 9572.797852 1.000000
9574.284180 9574.284180 1.000000
9574.396484 9574.396484 1.000000
9575.676758 9575.676758 1.000000
9577.035156 9577.035156 1.000000
9579.275391 9579.275391 1.000000
9579.867188 9579.867188 1.000000
9580.123047 9580.123047 1.000000
9581.114258 9581.114258 1.000000
9581.786133 9581.786133 1.000000
9582.282227 9582.282227 1.000000
9582.810547 9582.810547 1.000000
9583.578125 9583.578125 1.000000
9584.201172 9584.201172 1.000000
9584.697266 9584.697266 1.000000
9585.657227 9585.657227 1.000000
9585.929688 9585.929688 1.000000
9586.377930 9586.377930 1.000000
9587.113281 9587.113281 1.000000
9588.392578 9588.392578 1.000000
9588.632812 9588.632812 1.000000
9589.081055 9589.081055 1.000000
9589.544922 9589.544922 1.000000
9590.200195 9590.200195 1.000000
9591.223633 9591.223633 1.000000
9591.927734 9591.927734 1.000000
9592.503906 9592.503906 1.000000
9593.416016 9593.416016 1.000000
9594.151367 9594.151367 1.000000
9594.710938 9594.710938 1.000000
9595.207031 9595.207031 1.000000
9595.398438 9595.398438 1.000000
9596.406250 9596.406250 1.000000
9597.606445 9597.606445 1.000000
9597.973633 9597.973633 1.000000
9598.870117 9598.870117 1.000000
9599.494141 9599.494141 1.000000
9599.797852 9599.797852 1.000000
9600.374023 9600.374023 1.000000
9600.565430 9600.565430 1.000000
9601.157227 9601.157227 1.000000
9601.541016 9601.541016 1.000000
9603.236328 9603.236328 1.000000
9603.476562 9603.476562 1.000000
9604.564453 9604.564453 1.000000
9605.139648 9605.139648 1.000000
9606.164062 9606.164062 1.000000
9606.675781 9606.675781 1.000000
9607.251953 9607.251953 1.000000
9607.891602 9607.891602 1.000000
9608.211914 9608.211914 1.000000
9608.898438 9608.898438 1.000000
9609.458984 9609.458984 1.000000
9610.035156 9610.035156 1.000000
9610.626953 9610.626953 1.000000
9612.529297 9612.529297 1.000000
9614.034180 9614.034180 1.000000
9614.994141 9614.994141 1.000000
9615.441406 9615.441406 1.000000
9618.096680 9618.096680 1.000000
9618.544922 9618.544922 1.000000
9620.032227 9620.032227 1.000000
9621.215820 9621.215820 1.000000
9622.687500 9622.687500 1.000000
9624.495117 9624.495117 1.000000
9625.310547 9625.310547 1.000000
9625.743164 9625.743164 1.000000
9626.334961 9626.334961 1.000000
9628.110352 9628.110352 1.000000
9628.654297 9628.654297 1.000000
9629.149414 9629.149414 1.000000
9629.998047 9629.998047 1.000000
9630.380859 9630.380859 1.000000
9631.020508 9631.020508 1.000000
9633.485352 9633.485352 1.000000
9634.731445 9634.731445 1.000000
9635.419922 9635.419922 1.000000
9635.803711 9635.803711 1.000000
9636.139648 9636.139648 1.000000
9636.427734 9636.427734 1.000000
9636.828125 9636.828125 1.000000
9637.371094 9637.371094 1.000000
9637.642578 9637.642578 1.000000
9638.426758 9638.426758 1.000000
9640.170898 9640.170898 1.000000
9640.634766 9640.634766 1.000000
9641.066406 9641.066406 1.000000
9643.097656 9643.097656 1.000000
9645.208984 9645.208984 1.000000
9645.560547 9645.560547 1.000000
9646.472656 9646.472656 1.000000
9648.215820 9648.215820 1.000000
9648.648438 9648.648438 1.000000
9649.480469 9649.480469 1.000000
9650.232422 9650.232422 1.000000
9650.839844 9650.839844 1.000000
9651.926758 9651.926758 1.000000
9652.214844 9652.214844 1.000000
9652.838867 9652.838867 1.000000
9653.542969 9653.542969 1.000000
9654.262695 9654.262695 1.000000
9654.647461 9654.647461 1.000000
9655.862305 9655.862305 1.000000
9656.198242 9656.198242 1.000000
9657.333984 9657.333984 1.000000
9659.716797 9659.716797 1.000000
9660.869141 9660.869141 1.000000
9661.716797 9661.716797 1.000000
9662.308594 9662.308594 1.000000
9662.996094 9662.996094 1.000000
9663.268555 9663.268555 1.000000
9663.940430 9663.940430 1.000000
9664.644531 9664.644531 1.000000
9665.028320 9665.028320 1.000000
9666.099609 9666.099609 1.000000
9666.499023 9666.499023 1.000000
9666.707031 9666.707031 1.000000
9667.027344 9667.027344 1.000000
9667.298828 9667.298828 1.000000
9668.210938 9668.210938 1.000000
9669.570312 9669.570312 1.000000
9669.969727 9669.969727 1.000000
9670.610352 9670.610352 1.000000
9680.367188 9680.367188 1.000000
9681.023438 9681.023438 1.000000
9681.727539 9681.727539 1.000000
9682.431641 9682.431641 1.000000
9684.158203 9684.158203 1.000000
9685.774414 9685.774414 1.000000
9686.381836 9686.381836 1.000000
9688.013672 9688.013672 1.000000
9688.637695 9688.637695 1.000000
9689.357422 9689.357422 1.000000
9690.157227 9690.157227 1.000000
9691.900391 9691.900391 1.000000
9692.268555 9692.268555 1.000000
9694.587891 9694.587891 1.000000
9694.859375 9694.859375 1.000000
9698.314453 9698.314453 1.000000
9699.530273 9699.530273 1.000000
9700.138672 9700.138672 1.000000
9700.858398 9700.858398 1.000000
9701.417969 9701.417969 1.000000
9705.353516 9705.353516 1.000000
9708.919922 9708.919922 1.000000
9712.535156 9712.535156 1.000000
9715.302734 9715.302734 1.000000
9716.533203 9716.533203 1.000000
9719.716797 9719.716797 1.000000
9723.156250 9723.156250 1.000000
9724.563477 9724.563477 1.000000
9726.291016 9726.291016 1.000000
9726.707031 9726.707031 1.000000
9727.682617 9727.682617 1.000000
9727.954102 9727.954102 1.000000
9728.594727 9728.594727 1.000000
9730.625977 9730.625977 1.000000
9731.313477 9731.313477 1.000000
9734.544922 9734.544922 1.000000
9734.992188 9734.992188 1.000000
9735.760742 9735.760742 1.000000
9736.368164 9736.368164 1.000000
9736.784180 9736.784180 1.000000
9737.232422 9737.232422 1.000000
9737.855469 9737.855469 1.000000
9738.463867 9738.463867 1.000000
9739.103516 9739.103516 1.000000
9741.710938 9741.710938 1.000000
9743.486328 9743.486328 1.000000
9744.958008 9744.958008 1.000000
9745.133789 9745.133789 1.000000
9747.790039 9747.790039 1.000000
9749.308594 9749.308594 1.000000
9752.715820 9752.715820 1.000000
9753.819336 9753.819336 1.000000
9755.291992 9755.291992 1.000000
9755.978516 9755.978516 1.000000
9756.986328 9756.986328 1.000000
9757.707031 9757.707031 1.000000
9758.539062 9758.539062 1.000000
9759.257812 9759.257812 1.000000
9761.817383 9761.817383 1.000000
9762.808594 9762.808594 1.000000
9763.336914 9763.336914 1.000000
9764.121094 9764.121094 1.000000
9764.360352 9764.360352 1.000000
9765.480469 9765.480469 1.000000
9768.631836 9768.631836 1.000000
9773.877930 9773.877930 1.000000
9774.437500 9774.437500 1.000000
9776.805664 9776.805664 1.000000
9778.821289 9778.821289 1.000000
9779.396484 9779.396484 1.000000
9782.387695 9782.387695 1.000000
9783.124023 9783.124023 1.000000
9787.138672 9787.138672 1.000000
9788.946289 9788.946289 1.000000
9789.393555 9789.393555 1.000000
9790.994141 9790.994141 1.000000
9791.457031 9791.457031 1.000000
9792.688477 9792.688477 1.000000
9793.344727 9793.344727 1.000000
9795.280273 9795.280273 1.000000
