6276.600000 6276.600000 1.000000
6276.820000 6276.820000 1.000000
6277.310000 6277.310000 1.000000
6277.640000 6277.640000 1.000000
6278.080000 6278.080000 1.000000
6278.380000 6278.380000 1.000000
6278.880000 6278.880000 1.000000
6279.100000 6279.100000 1.000000
6279.900000 6279.900000 1.000000
6280.390000 6280.390000 1.000000
6281.180000 6281.180000 1.000000
6281.960000 6281.960000 1.000000
6282.730000 6282.730000 1.000000
6283.800000 6283.800000 1.000000
6284.540000 6284.540000 1.000000
6287.750000 6287.750000 1.000000
6289.400000 6289.400000 1.000000
6290.220000 6290.220000 1.000000
6292.160000 6292.160000 1.000000
6292.960000 6292.960000 1.000000
6295.180000 6295.180000 1.000000
6295.960000 6295.960000 1.000000
6298.460000 6298.460000 1.000000
6299.230000 6299.230000 1.000000
6302.000000 6302.000000 1.000000
6302.760000 6302.760000 1.000000
6305.810000 6305.810000 1.000000
6306.560000 6306.560000 1.000000
6309.890000 6309.890000 1.000000
6310.640000 6310.640000 1.000000
6314.230000 6314.230000 1.000000
6314.980000 6314.980000 1.000000
6318.850000 6318.850000 1.000000
6319.590000 6319.590000 1.000000
6323.750000 6323.750000 1.000000
6324.470000 6324.470000 1.000000
6888.000000 6888.000000 1.000000
6890.760000 6890.760000 1.000000
6891.590000 6891.590000 1.000000
6905.490000 6905.490000 1.000000
6913.710000 6913.710000 1.000000
6923.300000 6923.300000 1.000000
6924.180000 6924.180000 1.000000
6928.730000 6928.730000 1.000000
6929.600000 6929.600000 1.000000
6934.430000 6934.430000 1.000000
6935.290000 6935.290000 1.000000
6940.380000 6940.380000 1.000000
6941.230000 6941.230000 1.000000
6946.590000 6946.590000 1.000000
6947.440000 6947.440000 1.000000
7598.010000 7598.010000 1.000000
7599.460000 7599.460000 1.000000
7601.120000 7601.120000 1.000000
7608.580000 7608.580000 1.000000
7611.010000 7611.010000 1.000000
7614.020000 7614.020000 1.000000
7619.700000 7619.700000 1.000000
7620.080000 7620.080000 1.000000
7621.800000 7621.800000 1.000000
7625.350000 7625.350000 1.000000
7626.160000 7626.160000 1.000000
7626.520000 7626.520000 1.000000
7629.090000 7629.090000 1.000000
7630.240000 7630.240000 1.000000
7633.030000 7633.030000 1.000000
7634.170000 7634.170000 1.000000
7637.180000 7637.180000 1.000000
7638.310000 7638.310000 1.000000
7641.530000 7641.530000 1.000000
7642.650000 7642.650000 1.000000
7646.100000 7646.100000 1.000000
7647.200000 7647.200000 1.000000
7647.480000 7647.480000 1.000000
7648.460000 7648.460000 1.000000
7649.550000 7649.550000 1.000000
7650.870000 7650.870000 1.000000
7651.960000 7651.960000 1.000000
7652.380000 7652.380000 1.000000
7653.330000 7653.330000 1.000000
7655.850000 7655.850000 1.000000
7656.930000 7656.930000 1.000000
7658.420000 7658.420000 1.000000
7661.040000 7661.040000 1.000000
7662.120000 7662.120000 1.000000
7663.720000 7663.720000 1.000000
7667.520000 7667.520000 1.000000
7689.180000 7689.180000 1.000000
7690.220000 7690.220000 1.000000
7695.840000 7695.840000 1.000000
7696.870000 7696.870000 1.000000
7702.740000 7702.740000 1.000000
7703.760000 7703.760000 1.000000
7709.880000 7709.880000 1.000000
7710.890000 7710.890000 1.000000
